0.41253802138612194	0.5874619786138777
0.4125408784555009	0.5874591215444988
0.4124105998084939	0.5875894001915057
0.4123557410519963	0.5876442589480033
0.4123517571536186	0.5876482428463811
0.4129762211678233	0.5870237788321764
0.4124727811254575	0.5875272188745422
0.41292838126028836	0.5870716187397113
0.41298496327029227	0.5870150367297073
0.4129987529439482	0.5870012470560515
0.41285908999585696	0.5871409100041427
0.4129005061676181	0.5870994938323816
0.4123881223608852	0.5876118776391145
0.4124764571603533	0.5875235428396464
0.4127674368342907	0.5872325631657089
0.41272655161780597	0.5872734483821936
0.4125873952098744	0.5874126047901252
0.41241066373704166	0.587589336262958
0.4129415752238469	0.5870584247761528
0.41288219822846095	0.5871178017715387
0.4125133123484297	0.58748668765157
0.41300174794625166	0.586998252053748
0.4126355112712575	0.5873644887287421
0.4130094568525583	0.5869905431474414
0.41279001460892295	0.5872099853910767
0.4125593712705382	0.5874406287294615
0.41257127134579863	0.587428728654201
0.41251788632141384	0.5874821136785858
0.4125255437205971	0.5874744562794026
0.41283709829174936	0.5871629017082504
0.4129854681260447	0.5870145318739549
0.41239410202734944	0.5876058979726502
0.4127408801338096	0.5872591198661901
0.4125653059869411	0.5874346940130586
0.41265266253587707	0.5873473374641226
0.4125951229504625	0.5874048770495371
0.4130193254980825	0.5869806745019172
0.41235231449385945	0.5876476855061402
0.41273325103674263	0.587266748963257
0.4128971898897127	0.587102810110287
0.4124978713690405	0.5875021286309592
0.4124973112949003	0.5875026887050994
0.4129682893616091	0.5870317106383905
0.4127720848593528	0.5872279151406469
0.4124055433405854	0.5875944566594142
0.4128400265610146	0.5871599734389851
0.4128969048680121	0.5871030951319876
0.4128312851608372	0.5871687148391624
0.4127557702438982	0.5872442297561015
0.41281366130903074	0.5871863386909689
0.4128835372365322	0.5871164627634674
0.4127569598263983	0.5872430401736013
0.41259955344842	0.5874004465515796
0.41276769424563436	0.5872323057543652
0.4127569561782571	0.5872430438217426
0.41274282536765744	0.5872571746323423
0.4128588219713963	0.5871411780286033
0.4127683159456732	0.5872316840543265
0.4123957857741677	0.587604214225832
0.41268348180310443	0.5873165181968952
0.4130281245380228	0.5869718754619768
0.4129010302795021	0.5870989697204976
0.41233634433861055	0.5876636556613891
0.41241164308369693	0.5875883569163027
0.4123470517055323	0.5876529482944673
0.4126651964557887	0.587334803544211
0.41238804575700067	0.5876119542429991
0.41289620207493477	0.587103797925065
0.41304664485527526	0.5869533551447245
0.41300361540772534	0.5869963845922743
0.4126465764114089	0.5873534235885908
0.41291837547222676	0.5870816245277729
0.4127019268391993	0.5872980731608004
0.41290153662808504	0.5870984633719146
0.41252144124183254	0.5874785587581671
0.4129617628299028	0.5870382371700968
0.4125051030417819	0.5874948969582178
0.4129674055011383	0.5870325944988614
0.41287065207357376	0.5871293479264259
0.41264535784335116	0.5873546421566485
0.4123506744073798	0.5876493255926198
0.4125252086224563	0.5874747913775434
0.4128657448298218	0.5871342551701778
0.41300722332628026	0.5869927766737194
0.4125320127857587	0.587467987214241
0.4126872543743333	0.5873127456256664
0.41246266312432306	0.5875373368756766
0.4130321462011858	0.5869678537988139
0.4129822302609147	0.587017769739085
0.4127484531614001	0.5872515468385996
0.41281768722145884	0.5871823127785408
0.4124984091781065	0.5875015908218931
0.4129318414645695	0.5870681585354302
0.41276695017639115	0.5872330498236085
0.4130333997766036	0.5869666002233961
0.4123275879229333	0.5876724120770664
0.41298574412541245	0.5870142558745872
0.41249725910537793	0.5875027408946217
0.4129420053855922	0.5870579946144074
0.4126726973967846	0.5873273026032151
0.4128877740270574	0.5871122259729423
0.41302610457358535	0.5869738954264143
0.41296863100474107	0.5870313689952585
0.4123518922795089	0.5876481077204908
0.412794536922912	0.5872054630770877
0.41293724156762845	0.5870627584323712
0.41253512675549087	0.5874648732445088
0.4129660442620756	0.587033955737924
0.4129738393192904	0.5870261606807093
0.4127139163075599	0.5872860836924398
0.41281242180342914	0.5871875781965705
0.4128197034482715	0.5871802965517281
0.41238124409256216	0.5876187559074375
0.412409549767925	0.5875904502320747
0.4126782718264989	0.5873217281735007
0.4126005827895036	0.587399417210496
0.41281633069062484	0.5871836693093748
0.41284852485069023	0.5871514751493094
0.41268656271514703	0.5873134372848526
0.41265931287144564	0.587340687128554
0.41235735657247474	0.5876426434275249
0.41303237402000864	0.586967625979991
0.41243275336605073	0.587567246633949
0.4127039901197903	0.5872960098802094
0.4130015221450407	0.586998477854959
0.41233029903873925	0.5876697009612604
0.4123939141985528	0.5876060858014468
0.41239566243424675	0.5876043375657529
0.4126771623038572	0.5873228376961425
0.4129802768753698	0.5870197231246298
0.4129376401593185	0.5870623598406812
0.4129205483127471	0.5870794516872525
0.41269455151261203	0.5873054484873876
0.41253839932814473	0.5874616006718549
0.4128299042571976	0.5871700957428021
0.4125192122703593	0.5874807877296404
0.41290716455856724	0.5870928354414324
0.412744119512797	0.5872558804872027
0.4125202179179169	0.5874797820820828
0.4126850730447854	0.5873149269552143
0.412644006953571	0.5873559930464287
0.41301298907078826	0.5869870109292115
0.4130190420143376	0.5869809579856621
0.41235713053080997	0.5876428694691898
0.41291756646778444	0.5870824335322152
0.41295621364201973	0.5870437863579799
0.4129556455375064	0.5870443544624933
0.41264093864910745	0.5873590613508922
0.41291958119143296	0.5870804188085668
0.41274056314182506	0.5872594368581746
0.412798322599414	0.5872016774005856
0.4129675430232565	0.5870324569767431
0.4124273143804001	0.5875726856195995
0.41278565362141156	0.587214346378588
0.41255025967560455	0.5874497403243951
0.4125839122202577	0.587416087779742
0.41302831669411805	0.5869716833058817
0.4125770435976109	0.5874229564023887
0.41292568177196176	0.5870743182280379
0.41289994470834235	0.5871000552916573
0.41281681995053715	0.5871831800494626
0.4129810642446102	0.5870189357553895
0.41266357044642643	0.5873364295535732
0.41254068356571705	0.5874593164342826
0.4123864185778527	0.587613581422147
0.4126256347885724	0.5873743652114273
0.4127460093433777	0.587253990656622
0.41275388261284546	0.5872461173871542
0.4129083044845755	0.5870916955154242
0.4126726772088646	0.5873273227911351
0.41288248140346406	0.5871175185965356
0.4126837011734426	0.587316298826557
0.4125425491409444	0.5874574508590553
0.4127267825931735	0.5872732174068261
0.4130323527363873	0.5869676472636124
0.41297806979316976	0.5870219302068299
0.41250757785163705	0.5874924221483626
0.41244172277759333	0.5875582772224064
0.41254077391762434	0.5874592260823753
0.4123762393689534	0.5876237606310463
0.41252842751238333	0.5874715724876163
0.41263523819981507	0.5873647618001846
0.41258247933900916	0.5874175206609905
0.4128057453856238	0.5871942546143759
0.41258061927500767	0.587419380724992
0.41237951539359047	0.5876204846064093
0.41271988394265524	0.5872801160573444
0.4126834932888048	0.5873165067111948
0.4125299557299232	0.5874700442700764
0.41293052802176683	0.5870694719782328
0.41292681224479333	0.5870731877552063
0.4127615530729127	0.587238446927087
0.4130324592870809	0.5869675407129188
0.41273879978251593	0.5872612002174837
0.4126870614090505	0.5873129385909492
0.4124561652518992	0.5875438347481005
0.41244796276784107	0.5875520372321587
0.41244176563608154	0.5875582343639182
0.412513755436678	0.5874862445633217
0.4124033267820918	0.5875966732179079
0.4128808758107688	0.5871191241892308
0.4129340410864278	0.5870659589135719
0.4126273485303983	0.5873726514696014
0.41252873544831237	0.5874712645516873
0.4127151288272458	0.5872848711727539
0.41257744486237025	0.5874225551376294
0.4123303938981206	0.5876696061018791
0.4128820812017919	0.5871179187982078
0.41301603454793284	0.5869839654520668
0.4129592826392222	0.5870407173607775
0.41234107025613886	0.5876589297438608
0.41254364888178124	0.5874563511182185
0.4130119634475713	0.5869880365524284
0.4128646896227695	0.5871353103772302
0.4127586023854429	0.5872413976145568
0.41275832039067006	0.5872416796093296
0.41278755660610117	0.5872124433938984
0.4126183848219289	0.5873816151780707
0.41249684587253116	0.5875031541274686
0.41241348747543255	0.5875865125245671
0.4130264892329176	0.586973510767082
0.4123405518462374	0.5876594481537623
0.41272350852366857	0.5872764914763311
0.4124961000546885	0.5875038999453112
0.41274732215536714	0.5872526778446325
0.41265485654022527	0.5873451434597744
0.4127387011515825	0.5872612988484172
0.4127951426882652	0.5872048573117344
0.41283222570245837	0.5871677742975413
0.4125702844844654	0.5874297155155342
0.4127511098178378	0.5872488901821619
0.412654672041715	0.5873453279582846
0.41257153723257617	0.5874284627674234
0.4123315916660351	0.5876684083339645
0.41294168406559245	0.5870583159344072
0.4124813830044203	0.5875186169955794
0.41282673851407725	0.5871732614859224
0.4130243553723204	0.5869756446276793
0.4127029279580731	0.5872970720419266
0.4124945972929281	0.5875054027070715
0.41280040446998145	0.5871995955300182
0.4130487269941528	0.5869512730058468
0.4129454199478463	0.5870545800521534
0.41246369992341925	0.5875363000765804
0.41252389966513003	0.5874761003348696
0.4124375113659617	0.587562488634038
0.412427140076492	0.5875728599235076
0.4127671181385684	0.5872328818614313
0.41251752973568767	0.587482470264312
0.4127009800669147	0.587299019933085
0.4127748520799378	0.5872251479200619
0.41255502002620376	0.587444979973796
0.4127316922166465	0.5872683077833531
0.41264028890837046	0.5873597110916292
0.4123585816283627	0.587641418371637
0.4129869183677861	0.5870130816322136
0.41280625531971804	0.5871937446802816
0.41269743912295187	0.5873025608770478
0.41301100061180296	0.5869889993881967
0.41268629843828847	0.5873137015617113
0.4123934432990776	0.587606556700922
0.4125742733946888	0.5874257266053109
0.412404916509592	0.5875950834904077
0.41261061085346795	0.5873893891465317
0.41232844149368614	0.5876715585063136
0.4130316724376431	0.5869683275623566
0.41244310447788257	0.5875568955221171
0.4126019706666546	0.5873980293333451
0.4125400108365101	0.5874599891634895
0.4125614983792494	0.5874385016207503
0.41250725846097147	0.5874927415390282
0.4129307099528099	0.5870692900471898
0.41287394904450087	0.5871260509554987
0.41263855535323896	0.5873614446467608
0.41266912366017944	0.5873308763398202
0.4126573207716261	0.5873426792283736
0.4125716002330675	0.5874283997669322
0.4123924515867349	0.5876075484132648
0.41296970994062404	0.5870302900593757
0.41232578968989386	0.5876742103101058
0.4129137068444956	0.5870862931555041
0.4129305896139843	0.5870694103860153
0.41300811512612845	0.5869918848738712
0.4128254191669194	0.5871745808330803
0.41292389060264906	0.5870761093973507
0.41297206326073443	0.5870279367392652
0.41291328161939	0.5870867183806097
0.4123307419478525	0.5876692580521472
0.4128122640457412	0.5871877359542585
0.41248485719003664	0.5875151428099631
0.4128383406756313	0.5871616593243684
0.4130318289497282	0.5869681710502714
0.4126000966560988	0.5873999033439008
0.412799241056168	0.5872007589438317
0.4123799064354102	0.5876200935645894
0.4123331757403355	0.5876668242596641
0.4129827212814632	0.5870172787185365
0.4123617504118104	0.5876382495881893
0.41252601951164497	0.5874739804883546
0.4129586822258148	0.5870413177741849
0.4129682864783192	0.5870317135216805
0.41301956912561194	0.5869804308743877
0.41288238233719565	0.587117617662804
0.41298680991609216	0.5870131900839075
0.41245183153380466	0.587548168466195
0.41302857478702615	0.5869714252129735
0.412783990499626	0.5872160095003737
0.41266090489985824	0.5873390951001414
0.4124840063560321	0.5875159936439676
0.41267806243597577	0.587321937564024
0.4128650966431553	0.5871349033568444
0.4129355990494542	0.5870644009505455
0.4129349278733402	0.5870650721266595
0.4128245980154874	0.5871754019845123
0.4124985565433018	0.5875014434566979
0.4128414216358846	0.587158578364115
0.41250175756521024	0.5874982424347894
0.4128354627734364	0.5871645372265633
0.4125706290556734	0.5874293709443262
0.4124155790253429	0.5875844209746568
0.4125089194099778	0.5874910805900219
0.4128478539943386	0.587152146005661
0.41288981612395803	0.5871101838760416
0.41286378661383294	0.5871362133861667
0.4129646868416355	0.5870353131583641
0.4123981793239296	0.58760182067607
0.4126513669098198	0.5873486330901798
0.4128858080946333	0.5871141919053663
0.4125287598972497	0.58747124010275
0.41299100252385434	0.5870089974761453
0.4123272064995155	0.5876727935004842
0.41275647277689187	0.5872435272231078
0.41259700847833625	0.5874029915216634
0.4125519630055272	0.5874480369944725
0.4127988315458564	0.5872011684541433
0.41247032935332745	0.5875296706466722
0.4130294290650142	0.5869705709349854
0.41285349260679993	0.5871465073931997
0.4128835316312288	0.5871164683687708
0.4127350457180154	0.5872649542819843
0.4127823743514878	0.5872176256485119
0.4126402427725705	0.5873597572274292
0.412956924743021	0.5870430752569787
0.41294427269947775	0.5870557273005219
0.4123489829229967	0.587651017077003
0.41266294927427033	0.5873370507257294
0.4129427059040185	0.5870572940959812
0.41273447264704477	0.5872655273529549
0.4130272413567034	0.5869727586432962
0.41265341172419806	0.5873465882758017
0.4125302104263531	0.5874697895736466
0.4126095202351272	0.5873904797648725
0.4123413016121246	0.587658698387875
0.41269691150023763	0.5873030884997621
0.4128312754125896	0.58716872458741
0.4128918201075521	0.5871081798924476
0.412471957121013	0.5875280428789866
0.4124615558245565	0.5875384441754432
0.4126488413961992	0.5873511586038005
0.4123781017493166	0.587621898250683
0.4125276178357601	0.5874723821642396
0.4126942800566311	0.5873057199433686
0.4127608054839439	0.5872391945160558
0.41249750225663445	0.5875024977433653
0.41284037084096126	0.5871596291590384
0.4129622204580552	0.5870377795419445
0.4126621961931547	0.587337803806845
0.4127055366283891	0.5872944633716105
0.4123260598120492	0.5876739401879505
0.41302528404213634	0.5869747159578633
0.4126152296628432	0.5873847703371565
0.41294750173693623	0.5870524982630634
0.41235337796039623	0.5876466220396035
0.4127110767526727	0.587288923247327
0.4129830484461642	0.5870169515538355
0.41290818181143163	0.587091818188568
0.4126167673096391	0.5873832326903605
0.412658132467724	0.5873418675322757
0.4129856178735182	0.5870143821264815
0.41261042426272204	0.5873895757372777
0.412892043390504	0.5871079566094957
0.4127789658650415	0.5872210341349582
0.4125716823298254	0.5874283176701743
0.41290328142049193	0.5870967185795077
0.4128587591512406	0.5871412408487591
0.4127546001341151	0.5872453998658846
0.4125014101321508	0.5874985898678489
0.41279248922112305	0.5872075107788766
0.41287983556920804	0.5871201644307916
0.4124149214997106	0.5875850785002891
0.4128175997736127	0.587182400226387
0.4127364862485592	0.5872635137514405
0.41265571605402934	0.5873442839459704
0.4125166613060945	0.5874833386939051
0.41256650912057635	0.5874334908794233
0.41244434463662055	0.5875556553633791
0.41273543802168156	0.5872645619783181
0.41297236729122433	0.5870276327087753
0.41272618538300176	0.5872738146169979
0.41272445136304775	0.5872755486369519
0.412522241241846	0.5874777587581537
0.4124402719995566	0.5875597280004431
0.41251155597721606	0.5874884440227837
0.4127732515196012	0.5872267484803985
0.41276251215974036	0.5872374878402593
0.4130002758040242	0.5869997241959755
0.41246240025770675	0.5875375997422929
0.412541347494224	0.5874586525057757
0.4129793851036768	0.5870206148963228
0.4124589003422814	0.5875410996577183
0.4127852073234968	0.5872147926765029
0.41232297730181466	0.587677022698185
0.4126557727624084	0.5873442272375913
0.4130106458312734	0.5869893541687263
0.412396596840091	0.5876034031599087
0.4129398696825135	0.5870601303174862
0.4128100020795111	0.5871899979204886
0.41304015578379055	0.5869598442162091
0.4128211838669262	0.5871788161330734
0.4125005225089365	0.5874994774910632
0.41279155174934745	0.5872084482506522
0.4127214854785036	0.587278514521496
0.4123736682579248	0.5876263317420749
0.4128409391806196	0.5871590608193801
0.4123782442292333	0.5876217557707664
0.4128028867960668	0.5871971132039329
0.4127193707472826	0.5872806292527171
0.4126461142464629	0.5873538857535368
0.41293112223296685	0.5870688777670328
0.4129470206086041	0.5870529793913956
0.41246050400281986	0.5875394959971798
0.4130149006903172	0.5869850993096825
0.41257310522725754	0.5874268947727421
0.4127459569904045	0.5872540430095952
0.4126931554364386	0.5873068445635611
0.41258492200888963	0.58741507799111
0.41278670739576206	0.5872132926042376
0.41286149828998225	0.5871385017100174
0.4128682825917833	0.5871317174082163
0.41292583351044	0.5870741664895597
0.4126357417281226	0.5873642582718771
0.4126752738272582	0.5873247261727415
0.41245730150633514	0.5875426984936645
0.4124234359831225	0.5875765640168772
0.4128810087128027	0.5871189912871969
0.4128119314119346	0.587188068588065
0.41235769193995275	0.5876423080600469
0.41236951633303914	0.5876304836669606
0.41252140127886705	0.5874785987211326
0.4125251710016329	0.5874748289983668
0.4124371571638171	0.5875628428361825
0.41274121200482455	0.5872587879951752
0.41242409206583847	0.5875759079341613
0.4127333016261362	0.5872666983738635
0.4126878910194598	0.5873121089805399
0.4128596226707514	0.5871403773292483
0.4127500087242455	0.5872499912757542
0.4126622560660606	0.587337743933939
0.4124069699789188	0.5875930300210809
0.41303420186089157	0.5869657981391081
0.412696371341237	0.5873036286587627
0.4123867631477272	0.5876132368522724
0.4129916795739139	0.5870083204260858
0.412911630234952	0.5870883697650477
0.4125222315131705	0.5874777684868292
0.41271915212449944	0.5872808478755002
0.41260847998326283	0.5873915200167368
0.41265963749999085	0.5873403625000089
0.41287482857372937	0.5871251714262703
0.412632713516688	0.5873672864833117
0.4128169219930588	0.5871830780069409
0.4126687465779898	0.5873312534220099
0.4124803486252643	0.5875196513747354
0.41236536296266246	0.5876346370373372
0.412905601663105	0.5870943983368946
0.412585686510799	0.5874143134892007
0.4126669684021688	0.5873330315978309
0.412745858565877	0.5872541414341227
0.4128401878252458	0.5871598121747539
0.4125737514424745	0.5874262485575252
0.4124443801478842	0.5875556198521155
0.4125766698324509	0.5874233301675488
0.4123699912728422	0.5876300087271575
0.4127830212428204	0.5872169787571793
0.4127243905310636	0.5872756094689361
0.412745294320653	0.5872547056793467
0.4123736561538638	0.5876263438461359
0.41235300831200616	0.5876469916879935
0.4130139875172093	0.5869860124827904
0.41236091872220393	0.5876390812777957
0.41249403661051787	0.5875059633894818
0.41247363524087155	0.5875263647591281
0.41294856983105566	0.587051430168944
0.41266971946538017	0.5873302805346194
0.4128304247175073	0.5871695752824924
0.41278935305965403	0.5872106469403456
0.41267274378700936	0.5873272562129903
0.41240376068415185	0.5875962393158478
0.4125700091411577	0.587429990858842
0.41246776491019044	0.5875322350898092
0.4127203028356198	0.5872796971643799
0.4127255217192505	0.5872744782807492
0.4124359050918142	0.5875640949081854
0.4129687868435261	0.5870312131564736
0.41244472660743003	0.5875552733925696
0.4123918634509067	0.5876081365490929
0.4130111585001069	0.5869888414998927
0.4123446864975309	0.5876553135024687
0.4124891632118832	0.5875108367881164
0.41288470667086363	0.587115293329136
0.4124489500572049	0.5875510499427947
0.41260485142282016	0.5873951485771796
0.4127369234531599	0.5872630765468397
0.4129565871615044	0.5870434128384953
0.4123565993704189	0.5876434006295808
0.41279590576279795	0.5872040942372017
0.41268273751645357	0.5873172624835461
0.4128806588951211	0.5871193411048786
0.41298854997291207	0.5870114500270875
0.41288715991455655	0.5871128400854431
0.41293001665710993	0.5870699833428897
0.41261175757742496	0.5873882424225747
0.4129435366080726	0.5870564633919271
0.41271021004463704	0.5872897899553626
0.412979882850475	0.5870201171495246
0.41299550087257875	0.5870044991274209
0.4124510294571378	0.5875489705428619
0.4129526213623716	0.5870473786376281
0.41242303699836763	0.587576963001632
0.41264671714349704	0.5873532828565026
0.41240236794810275	0.587597632051897
0.41288197997929815	0.5871180200207016
0.41281714566497063	0.587182854335029
0.41255181082376824	0.5874481891762314
0.4127618793020007	0.587238120697999
0.41254244439609045	0.5874575556039092
0.41296475857476433	0.5870352414252353
0.41271693606659526	0.5872830639334045
0.4125097346372431	0.5874902653627565
0.41272480585281496	0.5872751941471848
0.4130382181405601	0.5869617818594396
0.4128050129512579	0.5871949870487418
0.41278883341646533	0.5872111665835343
0.41233748574418916	0.5876625142558105
0.41271425434439346	0.5872857456556062
0.412527053798838	0.5874729462011617
0.4126636113120025	0.5873363886879972
0.41266043892003457	0.5873395610799651
0.41262265097855233	0.5873773490214473
0.4124037656474375	0.5875962343525621
0.41276078791412835	0.5872392120858714
0.4129124376590631	0.5870875623409365
0.4129781897626056	0.5870218102373941
0.41269120923141184	0.5873087907685878
0.41294449660049504	0.5870555033995046
0.4128047772084721	0.5871952227915276
0.41249288484601315	0.5875071151539865
0.4126604095033209	0.5873395904966787
0.4126208669013206	0.5873791330986791
0.4129297758132029	0.5870702241867968
0.4124870543518129	0.5875129456481868
0.4123426865452869	0.5876573134547127
0.4128218028778885	0.5871781971221112
0.41284468803694807	0.5871553119630516
0.4129185614162002	0.5870814385837995
0.41293291361085893	0.5870670863891407
0.4124142252334352	0.5875857747665645
0.4127246144146797	0.5872753855853199
0.4127658713067546	0.5872341286932451
0.4128557039557882	0.5871442960442115
0.4128691840242173	0.5871308159757824
0.41234169166861	0.5876583083313897
0.4128869359159245	0.5871130640840752
0.41258683015014636	0.5874131698498533
0.4124769570491802	0.5875230429508195
0.41278282661293997	0.5872171733870597
0.4127114108964667	0.587288589103533
0.41298959423679493	0.5870104057632047
0.4127838372973438	0.5872161627026559
0.413015170184324	0.5869848298156757
0.413011910089866	0.5869880899101336
0.41264330535348903	0.5873566946465106
0.4124981409736411	0.5875018590263585
0.4128993749582254	0.5871006250417743
0.41258439705818484	0.5874156029418148
0.41254708447711896	0.5874529155228807
0.4124606529931167	0.5875393470068829
0.4130469653312446	0.5869530346687551
0.4128061373767912	0.5871938626232085
0.4124180380441637	0.5875819619558359
0.41245698151237553	0.5875430184876241
0.41242080622505284	0.5875791937749468
0.41298323517730223	0.5870167648226974
0.41256823261233044	0.5874317673876692
0.4126676839845951	0.5873323160154046
0.4129439703622309	0.5870560296377688
0.41282763786716103	0.5871723621328386
0.4128542007073015	0.5871457992926982
0.4129236086703382	0.5870763913296614
0.4129815047981341	0.5870184952018656
0.41285095382880366	0.587149046171196
0.41245657457176066	0.587543425428239
0.41234175913464	0.5876582408653597
0.4127619546797312	0.5872380453202685
0.412963292960705	0.5870367070392947
0.4128267880856583	0.5871732119143414
0.41281805942745625	0.5871819405725434
0.4124826837393268	0.5875173162606728
0.41304935210330884	0.5869506478966908
0.41285428550336695	0.5871457144966328
0.41264544510403744	0.5873545548959622
0.41295203699958216	0.5870479630004175
0.4125674913347491	0.5874325086652505
0.4124274731796186	0.5875725268203811
0.4129865972111721	0.5870134027888276
0.41244950700595046	0.5875504929940492
0.41290674246820874	0.5870932575317909
0.412335568123537	0.5876644318764627
0.4124245864396069	0.5875754135603928
0.4127343330664319	0.5872656669335677
0.4126000297203941	0.5873999702796056
0.4129075092669167	0.5870924907330829
0.4127387003048929	0.5872612996951068
0.41256201457124847	0.5874379854287513
0.41263501673654757	0.5873649832634521
0.41289219031905433	0.5871078096809453
0.4128781546043328	0.5871218453956669
0.41235103910488025	0.5876489608951194
0.4128142314377047	0.587185768562295
0.4124149497144551	0.5875850502855445
0.41275459029843997	0.5872454097015597
0.41240547683013223	0.5875945231698674
0.4128870179068635	0.5871129820931362
0.4124147980644135	0.5875852019355862
0.41270947483792686	0.5872905251620728
0.41264023620317414	0.5873597637968255
0.4126050778927233	0.5873949221072763
0.4127917397207711	0.5872082602792286
0.4126159966555877	0.587384003344412
0.41262707637259877	0.5873729236274009
0.41266636248210997	0.5873336375178897
0.4127628787620351	0.5872371212379646
0.4125393921229691	0.5874606078770306
0.41283325892671496	0.5871667410732847
0.41281934449535135	0.5871806555046484
0.41237197085008903	0.5876280291499106
0.41259281603488523	0.5874071839651145
0.4127020521027733	0.5872979478972264
0.41238422174965506	0.5876157782503446
0.4123403481992978	0.5876596518007019
0.4125742928206303	0.5874257071793694
0.41263714332792456	0.5873628566720751
0.4128096801521356	0.5871903198478641
0.4123466855933615	0.5876533144066381
0.41299169327884133	0.5870083067211583
0.4128582740011292	0.5871417259988705
0.41299810703046363	0.587001892969536
0.4124775284748368	0.5875224715251628
0.41237782273398416	0.5876221772660155
0.41251049015093977	0.5874895098490599
0.4127493057375513	0.5872506942624484
0.41287375920850455	0.5871262407914951
0.412423385769907	0.5875766142300927
0.41246525922646937	0.5875347407735303
0.4128297617775976	0.5871702382224021
0.4125473290882192	0.5874526709117804
0.412360425242329	0.5876395747576706
0.4123829677572377	0.587617032242762
0.41280194760939454	0.5871980523906052
0.41269896421895336	0.5873010357810463
0.41237943580439257	0.587620564195607
0.4124551218837772	0.5875448781162225
0.41261447459523515	0.5873855254047645
0.4128613156108146	0.587138684389185
0.4123815204307697	0.58761847956923
0.41250619310880127	0.5874938068911983
0.412508036425802	0.5874919635741976
0.41274087592545106	0.5872591240745486
0.412705557745476	0.5872944422545237
0.41268631789934285	0.5873136821006568
0.4124885050654148	0.5875114949345849
0.41246100139242636	0.5875389986075733
0.41251606336617314	0.5874839366338265
0.4126430439260733	0.5873569560739264
0.412523187557305	0.5874768124426947
0.41285306522132037	0.5871469347786793
0.4127715088926296	0.5872284911073701
0.4128108828839787	0.587189117116021
0.41243024367078274	0.5875697563292169
0.4125505409551993	0.5874494590448004
0.412815931171996	0.5871840688280037
0.41247421145906604	0.5875257885409336
0.4123477871169217	0.5876522128830779
0.4127599568120971	0.5872400431879026
0.4125667990791104	0.5874332009208892
0.41247937273467733	0.5875206272653223
0.4126800085691713	0.5873199914308284
0.41259830104319495	0.5874016989568047
0.41243073480420667	0.587569265195793
0.41264007474103503	0.5873599252589646
0.41274044938536225	0.5872595506146374
0.41241988764464615	0.5875801123553535
0.41284009140696243	0.5871599085930372
0.4127095433378036	0.5872904566621961
0.4130167422030756	0.5869832577969241
0.41265322606592003	0.5873467739340796
0.4127185142969668	0.5872814857030328
0.4129290442938473	0.5870709557061524
0.4128893156152495	0.5871106843847502
0.4128749504769533	0.5871250495230464
0.4125980397444915	0.5874019602555082
0.4129015099168679	0.5870984900831318
0.41233768183973596	0.5876623181602637
0.4124174552949512	0.5875825447050484
0.4124871312147096	0.5875128687852901
0.4124363270222235	0.5875636729777762
0.41300062571488394	0.5869993742851157
0.41281839760538935	0.5871816023946103
0.4127527525798231	0.5872472474201765
0.4125742325349913	0.5874257674650083
0.4126912632054942	0.5873087367945055
0.4127099455490146	0.5872900544509851
0.41283695302290513	0.5871630469770945
0.41298716308608224	0.5870128369139174
0.41239778696379853	0.5876022130362012
0.41264317023479263	0.5873568297652071
0.4124763099969458	0.5875236900030539
0.4124277996801509	0.5875722003198487
0.41251722228076887	0.5874827777192307
0.4127845598806178	0.5872154401193819
0.4123891127105001	0.5876108872894996
0.41253564777797924	0.5874643522220204
0.4128184650953385	0.5871815349046612
0.412690864248036	0.5873091357519636
0.41292881034182016	0.5870711896581795
0.41293442023854476	0.5870655797614549
0.4123851879883449	0.5876148120116548
0.41281244314520615	0.5871875568547935
0.4127242398975151	0.5872757601024846
0.4130412736776188	0.5869587263223809
0.41298706554328257	0.5870129344567171
0.412838971280838	0.5871610287191616
0.41297927642042614	0.5870207235795735
0.41239193608522623	0.5876080639147734
0.41278862021340723	0.5872113797865924
0.4128665006248122	0.5871334993751874
0.4126157963166677	0.5873842036833319
0.41296291949117625	0.5870370805088234
0.4125064320363767	0.587493567963623
0.4125252772957123	0.5874747227042874
0.41297401641130227	0.5870259835886974
0.4123791303402853	0.5876208696597144
0.41284105111393266	0.587158948886067
0.4123863034293993	0.5876136965706004
0.4123405236238531	0.5876594763761466
0.4128869972473331	0.5871130027526666
0.4123843651781853	0.5876156348218144
0.4126411502569102	0.5873588497430895
0.41270354471297677	0.5872964552870229
0.41257948727913313	0.5874205127208665
0.412492254708291	0.5875077452917087
0.41304773216596596	0.5869522678340336
0.4128500156421772	0.5871499843578225
0.41232557456584057	0.587674425434159
0.4130453903547802	0.5869546096452194
0.4128170235534947	0.587182976446505
0.4126750146807723	0.5873249853192274
0.41284049967032865	0.587159500329671
0.4124227837034035	0.5875772162965962
0.4123762776882307	0.587623722311769
0.412587925848355	0.5874120741516446
0.4123596032652601	0.5876403967347396
0.41289736446519265	0.587102635534807
0.4130332924961657	0.586966707503834
0.41236399219231257	0.5876360078076871
0.41250585937947815	0.5874941406205215
0.4129655934045438	0.5870344065954558
0.4124074319676437	0.5875925680323559
0.4128773030929973	0.5871226969070024
0.41304877693615977	0.5869512230638398
0.41252271729946655	0.5874772827005331
0.41249704403337195	0.5875029559666277
0.41298629889412414	0.5870137011058756
0.4127519992686256	0.5872480007313741
0.41271232932414914	0.5872876706758505
0.4124951029168051	0.5875048970831946
0.41300284332970183	0.5869971566702978
0.4124426658382617	0.5875573341617379
0.4127041987857739	0.5872958012142258
0.4127253369001518	0.5872746630998479
0.412639332114837	0.5873606678851626
0.4130407071452368	0.5869592928547629
0.4125682910749919	0.5874317089250078
0.4129899248593626	0.5870100751406371
0.412731875803112	0.5872681241968877
0.4126124641174132	0.5873875358825864
0.4130014117659302	0.5869985882340695
0.41253741976958436	0.5874625802304153
0.4123652255148433	0.5876347744851564
0.41272478149365327	0.5872752185063465
0.41292737403685165	0.587072625963148
0.4129389616596032	0.5870610383403965
0.4124513327471744	0.5875486672528253
0.412748342506083	0.5872516574939166
0.4123873056002368	0.5876126943997629
0.4127827383269168	0.5872172616730829
0.4124408915356539	0.5875591084643458
0.4125039351323035	0.5874960648676961
0.4123789678459819	0.5876210321540177
0.413017998288662	0.5869820017113376
0.41271195424888174	0.5872880457511179
0.41279593627733924	0.5872040637226604
0.4123975518447051	0.5876024481552946
0.4124814532101473	0.5875185467898524
0.4126390964668327	0.587360903533167
0.4123231366394911	0.5876768633605085
0.41286346781189054	0.5871365321881091
0.41299824758587417	0.5870017524141256
0.412391141105812	0.5876088588941877
0.41271834166549737	0.5872816583345023
0.4124477213800938	0.5875522786199059
0.4126315989226162	0.5873684010773834
0.41253086838504843	0.5874691316149513
0.4124484554615571	0.5875515445384425
0.4130252343279903	0.5869747656720093
0.41242650243790835	0.5875734975620913
0.4124785394090097	0.58752146059099
0.4124305666803251	0.5875694333196746
0.41251129364906636	0.5874887063509333
0.4124673797007981	0.5875326202992016
0.41289486133104536	0.5871051386689543
0.41296069944442454	0.5870393005555751
0.41275634165995806	0.5872436583400417
0.41238048233273195	0.5876195176672677
0.4127907291255257	0.5872092708744739
0.4129651621542936	0.5870348378457061
0.4124190123012828	0.5875809876987168
0.41296118380736413	0.5870388161926355
0.41289245573093836	0.5871075442690613
0.41268306170197394	0.5873169382980257
0.4124384361155778	0.5875615638844218
0.41284688812044446	0.5871531118795552
0.4129900911143626	0.5870099088856371
0.4126634163065291	0.5873365836934706
0.41295679228296195	0.5870432077170378
0.41281574441487917	0.5871842555851206
0.4124550427922763	0.5875449572077234
0.41288660473406014	0.5871133952659395
0.4128851116437314	0.5871148883562683
0.41273135289309604	0.5872686471069036
0.41258732879896876	0.5874126712010309
0.41281525466206903	0.5871847453379306
0.41263471836247473	0.5873652816375249
0.41288715813217414	0.5871128418678255
0.41235392404457494	0.5876460759554247
0.4130509514180223	0.5869490485819774
0.4128535218633457	0.587146478136654
0.41301939652816394	0.5869806034718357
0.41268672279470087	0.5873132772052988
0.41268149229341233	0.5873185077065873
0.4124527705784013	0.5875472294215984
0.41273941914108114	0.5872605808589185
0.41235285787940484	0.5876471421205949
0.4130545500023555	0.5869454499976441
0.41275952222795437	0.5872404777720452
0.41297216057829	0.5870278394217097
0.4123555276055297	0.5876444723944699
0.412675868567527	0.5873241314324726
0.41304552103828296	0.5869544789617167
0.4124437428730301	0.5875562571269696
0.41265549214619107	0.5873445078538087
0.4126544332699087	0.587345566730091
0.41275614384730164	0.587243856152698
0.4125510739363221	0.5874489260636776
0.4124305408477929	0.5875694591522067
0.4128331538111949	0.5871668461888048
0.41278052742997856	0.587219472570021
0.41243017692610073	0.5875698230738989
0.41260061023589706	0.5873993897641026
0.4128985944675464	0.5871014055324533
0.41254849089641665	0.587451509103583
0.41254002432148534	0.5874599756785144
0.41275938364955456	0.5872406163504451
0.4125868265092152	0.5874131734907845
0.41266810322877856	0.5873318967712211
0.41282745078476957	0.5871725492152301
0.41262622802098403	0.5873737719790156
0.4125863990052762	0.5874136009947235
0.4126540372744519	0.5873459627255478
0.41264061956746767	0.587359380432532
0.4123465861238398	0.5876534138761599
0.41288958259664627	0.5871104174033535
0.41299268479074464	0.587007315209255
0.4124442081784519	0.5875557918215477
0.41297576355802823	0.5870242364419714
0.4124990388396168	0.5875009611603829
0.41259653025158666	0.587403469748413
0.4126417830026454	0.5873582169973542
0.41263552785026747	0.5873644721497322
0.41267995801113244	0.5873200419888672
0.4125786553749112	0.5874213446250884
0.41236148148974355	0.5876385185102562
0.4128873618502443	0.5871126381497553
0.41271533504602825	0.5872846649539714
0.4123609046687948	0.5876390953312048
0.4124044708663168	0.5875955291336828
0.41248789645078693	0.5875121035492127
0.4126783112262306	0.5873216887737691
0.4125224340003729	0.5874775659996267
0.41233948973370826	0.5876605102662914
0.41286968772596333	0.5871303122740363
0.4123761750904439	0.5876238249095558
0.4128852456365505	0.5871147543634492
0.41250708042832407	0.5874929195716756
0.4129738577200301	0.5870261422799696
0.41282974204894873	0.5871702579510509
0.4128363748639653	0.5871636251360344
0.41300584824435616	0.5869941517556435
0.4126982152055375	0.5873017847944622
0.41273951926761704	0.5872604807323827
0.41299241397012304	0.5870075860298767
0.41282917034493183	0.5871708296550678
0.41278003229313776	0.5872199677068619
0.4129794838294495	0.5870205161705502
0.4127097822753322	0.5872902177246675
0.4128812966404835	0.5871187033595162
0.4130143835653287	0.586985616434671
0.41239222590097224	0.5876077740990274
0.41245053004645144	0.5875494699535482
0.41300181520001444	0.5869981847999852
0.4129873299110068	0.5870126700889929
0.4127608145479299	0.5872391854520698
0.4127756132381014	0.5872243867618983
0.41260904592397846	0.5873909540760213
0.4124436228788305	0.5875563771211691
0.4125391255520021	0.5874608744479975
0.41278265835079175	0.5872173416492079
0.4124497713194894	0.5875502286805103
0.4129154441136953	0.5870845558863044
0.4124930797244799	0.5875069202755198
0.4127231681875079	0.5872768318124918
0.4127440055800104	0.5872559944199893
0.41287505904558564	0.587124940954414
0.412489787981969	0.5875102120180307
0.41264621794741885	0.5873537820525808
0.4127379371925096	0.58726206280749
0.4129818326711417	0.5870181673288579
0.4129027305455721	0.5870972694544276
0.41271751513586563	0.587282484864134
0.41286225202315463	0.587137747976845
0.4125763451826971	0.5874236548173026
0.4129351422029329	0.5870648577970667
0.41251345357970326	0.5874865464202964
0.41265441380159545	0.5873455861984043
0.41296531222883887	0.5870346877711607
0.41255910040794197	0.5874408995920577
0.41263876960824974	0.5873612303917499
0.41256216763921155	0.5874378323607881
0.4127801368897781	0.5872198631102216
0.41298186530187725	0.5870181346981225
0.41286666222947194	0.5871333377705278
0.4125973666577981	0.5874026333422016
0.41269635197505394	0.5873036480249457
0.41245368296436713	0.5875463170356325
0.4123389650983196	0.5876610349016801
0.4123522500919915	0.5876477499080082
0.41251696878353905	0.5874830312164606
0.41252251496704895	0.5874774850329507
0.41243342547983697	0.5875665745201627
0.41287513658826	0.5871248634117396
0.4125594524669309	0.5874405475330687
0.4125299204977755	0.5874700795022242
0.41270376427848604	0.5872962357215136
0.41251795623156445	0.5874820437684352
0.41274725322575845	0.5872527467742412
0.4129764080117758	0.5870235919882238
0.4128074132988032	0.5871925867011965
0.4127522347063778	0.5872477652936219
0.4127213588561339	0.5872786411438657
0.4124313069323898	0.58756869306761
0.41268865010617906	0.5873113498938206
0.41263458918371965	0.58736541081628
0.4129033991668213	0.5870966008331784
0.4127485533466518	0.5872514466533478
0.4124528815931755	0.5875471184068242
0.4128456947256088	0.5871543052743908
0.4126081483164004	0.5873918516835993
0.4130122042007157	0.586987795799284
0.4127576030264316	0.5872423969735681
0.4129847371550306	0.5870152628449691
0.41241167255448646	0.5875883274455131
0.41287247586580017	0.5871275241341994
0.41251437845235867	0.5874856215476411
0.4126959091197909	0.5873040908802087
0.41256244230248196	0.5874375576975177
0.41250312177090875	0.5874968782290909
0.4123941560973	0.5876058439026997
0.41260985798617805	0.5873901420138216
0.4130110299286039	0.5869889700713957
0.41291057453131796	0.5870894254686817
